   1000.000000     300.000000      14.000000
     50.000000     300.045520      14.000000       0.250000       0.000000
    100.000000     300.108266      14.000000       0.500000       0.000000
    150.000000     300.179724      14.000000       0.750000       0.000000
    200.000000     300.257501      14.000000       1.000000       0.000000
    250.000000     300.340343      14.000000       1.250000       0.000000
    300.000000     300.427458      14.000000       1.500000       0.000000
    350.000000     300.518295      14.000000       1.750000       0.000000
    400.000000     300.612445      14.000000       2.000000       0.000000
    450.000000     300.709590      14.000000       2.250000       0.000000
    500.000000     300.809477      14.000000       2.500000       0.000000
    600.000000     301.016672      14.000000       3.000000       0.000000
    700.000000     301.232720      14.000000       3.500000       0.000000
    800.000000     301.456647      14.000000       4.000000       0.000000
    900.000000     301.687699      14.000000       4.500000       0.000000
   1000.000000     301.925271      14.000000       5.000000       0.000000
   1100.000000     302.168866      14.000000       5.500000       0.000000
   1200.000000     302.418068      14.000000       6.000000       0.000000
   1300.000000     302.672521      13.520729       6.500000       0.000000
   1400.000000     302.931919      12.994280       7.000000       0.000000
   1500.000000     303.195994      12.487176       7.500000       0.000000
   1600.000000     303.464510      11.998601       8.000000       0.000000
   1700.000000     303.737258      11.527798       8.500000       0.000000
   1800.000000     304.014048      11.074058       9.000000       0.000000
   1900.000000     304.294711      10.636717       9.500000       0.000000
   2000.000000     304.579092      10.215149      10.000000       0.000000
   2200.000000     305.158462       9.417036      11.000000       0.000000
   2400.000000     305.751167       8.675318      12.000000       0.000000
   2600.000000     306.356361       7.986051      13.000000       0.000000
   2800.000000     306.973317       7.345642      14.000000       0.000000
   3000.000000     307.601398       6.750802      15.000000       0.000000
   3200.000000     308.240041       6.198503      16.000000       0.000000
   3400.000000     308.888747       5.685945      17.000000       0.000000
   3600.000000     309.547068       5.210530      18.000000       0.000000
   3800.000000     310.214601       4.769843      19.000000       0.000000
   4000.000000     310.890978       4.361630      20.000000       0.000000
   4200.000000     311.575867       3.983785      21.000000       0.000000
   4400.000000     312.268960       3.634334      22.000000       0.000000
   4600.000000     312.969976       3.311429      23.000000       0.000000
   4800.000000     313.678657       3.013332      24.000000       0.000000
   5000.000000     314.394759       2.738411      25.000000       0.000000
   5200.000000     315.118060       2.485130      26.000000       0.000000
   5400.000000     315.848352       2.252043      27.000000       0.000000
   5600.000000     316.585437       2.037790      28.000000       0.000000
   5800.000000     317.329135       1.841087      29.000000       0.000000
   6000.000000     318.079273       1.660727      30.000000       0.000000
   6500.000000     319.981753       1.274173      30.000000       0.000000
   7000.000000     321.921206       0.966703      30.000000       0.000000
   7500.000000     323.895630       0.724525      30.000000       0.000000
   8000.000000     325.903257       0.535822      30.000000       0.000000
   8500.000000     327.942519       0.390519      30.000000       0.000000
   9000.000000     330.012007       0.280082      30.000000       0.000000
   9500.000000     332.110451       0.197338      30.000000       0.000000
  10000.000000     334.236700       0.136312      30.000000       0.000000
  10500.000000     336.389704       0.092084      30.000000       0.000000
  11000.000000     338.568501       0.060648      30.000000       0.000000
  11500.000000     340.772205       0.038786      30.000000       0.000000
  12000.000000     343.000000       0.023953      30.000000       0.000000
  13000.000000     359.100859       0.028817      30.000000       0.000000
  14000.000000     375.957513       0.034706      30.000000       0.000000
  15000.000000     393.605440       0.041846      30.000000       0.000000
  16000.000000     412.081784       0.050514      30.000000       0.000000
  17000.000000     431.425430       0.061052      30.000000       0.000000
  18000.000000     451.677092       0.073882      30.000000       0.000000
  19000.000000     472.879393       0.089527      30.000000       0.000000
  20000.000000     495.076958       0.108637      30.000000       0.000000
